[SCREEN TEXT]
{\p1\pos(0,0)\fad(50,0)\c&HFFFFFF&}m 228 1013 l 231 1018 236 1021 244 1024 254 1027 861 1024 869 1023 874 1019 882 1013 887 1005 892 995 1638 997 1650 998 1665 999 1677 1003 1691 1011 1701 1019 1712 1026 1722 1034 1729 1045 1737 1055 1742 1064 1747 1078 1751 1089 1754 1101 1755 1121 1755 1137 1752 1151 1747 1166 1738 1187 1728 1201 1714 1214 1698 1227 1682 1235 1663 1243 1649 1246 1633 1247 280 1247 261 1244 245 1239 233 1233 217 1225 201 1211 192 1198 181 1183 171 1166 165 1143 163 1121 168 1094 176 1070 189 1049 205 1030

[LOCATION SCREEN TEXT]
{\an7\pos(0,0)\p1\c&HB68B89&\}m 569 599 l 1403 599 1355 734 521 734

[LOCATION TEXT]
{\an2\pos(960,698)\c&HFFFFFF&\fad(200,200)}LOCATION{\fs200\bord10\t(\frz-120)}TODO: LOCATION

[TEXT FIR MX]
240 288 1034 1088

[TEXT REF MX]
288 386 1034 1088

[TEXT BOX MX]
218 1692 1016 1226

[TEXT BOX BORDER MX]
214 1706 1012 1228
