[SCREEN TEXT]
{\p1\pos(0,0)\fad(50,0)\c&HFFFFFF&}m 229 1121 l 234 1125 241 1129 854 1132 865 1128 876 1121 884 1112 889 1105 1634 1105 1648 1106 1661 1108 1678 1114 1696 1124 1710 1136 1725 1149 1737 1165 1748 1186 1754 1208 1755 1225 1755 1248 1750 1268 1744 1286 1731 1305 1718 1321 1699 1334 1678 1344 1656 1352 1635 1355 276 1353 257 1350 238 1342 219 1331 201 1313 187 1294 176 1276 166 1249 164 1222 169 1195 180 1166 200 1142 214 1129

[LOCATION SCREEN TEXT]
{\an7\p1\c&HB68B89&\pos(0,50)\fad(100,100)}m 567 603 l 1401 603 1353 738 519 738

[LOCATION TEXT]
{\an2\pos(960,750)\c&HFFFFFF&\fad(80,80)}LOCATION{\fs200\bord10\t(\frz-120)}TODO: LOCATION

[TEXT FIR MX]
242 292 1146 1198

[TEXT REF MX]
292 386 1146 1198

[TEXT BOX MX]
212 1708 1132 1328

[TEXT BOX BORDER MX]
214 1708 1124 1337
