[SCREEN TEXT]
{\p1\fad(50,0)\c&HFFFFFF&}m 228 1019 l 231 1024 236 1027 244 1030 254 1033 861 1030 869 1029 874 1025 882 1019 887 1011 892 1001 1638 1003 1650 1004 1665 1005 1677 1009 1691 1017 1701 1025 1712 1032 1722 1040 1729 1051 1737 1061 1742 1070 1747 1084 1751 1095 1754 1107 1755 1127 1755 1143 1752 1157 1747 1172 1738 1193 1728 1207 1714 1220 1698 1233 1682 1241 1663 1249 1649 1252 1633 1253 280 1253 261 1250 245 1245 233 1239 217 1231 201 1217 192 1204 181 1189 171 1172 165 1149 163 1127 168 1100 176 1076 189 1055 205 1036

[LOCATION SCREEN TEXT]
{\an7\pos(0,0)\p1\c&HB68B89&}m 567 603 l 1401 603 1353 738 519 738

[LOCATION TEXT]
{\an2\pos(960,700)\c&HFFFFFF&\fad(200,200)}LOCATION{\fs200\bord10\t(\frz-120)}TODO: LOCATION

[TEXT FIR MX]
242 292 1046 1098

[TEXT REF MX]
292 386 1046 1098

[TEXT BOX MX]
212 1708 1032 1228

[TEXT BOX BORDER MX]
212 1708 1024 1237
