[SCREEN TEXT]
{\p1\pos(0,0)\fad(50,0)\c&HFFFFFF&}m 309 1207 l 297 1214 287 1220 273 1232 262 1243 247 1259 232 1285 220 1315 215 1351 216 1385 223 1415 232 1434 244 1456 265 1482 290 1501 317 1516 344 1525 376 1530 2150 1530 2179 1530 2194 1529 2214 1525 2235 1518 2256 1509 2277 1496 2294 1481 2307 1467 2319 1450 2329 1431 2335 1417 2340 1401 2343 1388 2345 1372 2345 1357 2343 1337 2341 1323 2336 1304 2332 1295 2325 1279 2316 1264 2306 1250 2290 1234 2276 1222 2261 1212 2237 1202 2213 1194 2187 1190 2154 1189 1185 1189 1183 1195 1179 1201 1175 1206 1168 1213 1159 1219 1150 1222 1142 1223 334 1223 328 1221 321 1217 314 1212 

[LOCATION SCREEN TEXT]
{\an7\p1\c&HB68B89&\pos(0,0)\fad(100,100)}m 755 710 l 690 890 1805 890 1870 710 

[LOCATION TEXT]
{\an2\pos(1280,800)\c&HFFFFFF&\fad(80,80)}LOCATION{\fs200\bord10\t(\frz-120)}TODO: LOCATION

[TEXT FIR MX]
320 390 1248 1314

[TEXT REF MX]
390 513 1248 1314

[TEXT BOX MX]
276 2284 1230 1480

[TEXT BOX BORDER MX]
262 2300 1234 1484
